109
104
111
102
108
123
98
90
94
86
109
102
124
94
129
111
102
114
113
103
111
115
115
124
104
129
121
108
111
114
109
136
105
120
111
112
117
104
106
96
111
126
141
103
107
108
106
93
108
99
86
94
103
108
109
108
114
105
105
105
121
112
92
91
107
104
97
108
122
104
94
88
119
97
100
111
121
111
98
99
85
83
93
82
84
86
90
120
117
106
113
107
92
108
86
78
87
84
97
93
73
90
90
85
93
96
86
81
87
89
80
81
96
78
104
111
91
120
87
116
101
98
96
100
108
99
106
106
113
101
85
84
76
93
88
87
91
88
88
100
84
97
79
71
96
86
81
80
85
98
98
101
95
85
103
75
83
98
108
81
97
98
131
100
101
104
99
99
102
94
91
89
86
89
83
84
95
86
86
112
105
94
100
91
104
121
88
103
77
109
104
103
95
110
96
111
107
104
108
93
91
103
104
105
89
77
120
97
112
115
93
113
132
118
116
129
124
122
110
108